87933
87933
153873
153873
237833
237833
20102
20102
25862
24182
27862
25942
29302
26502
28982
28982
150641
150641
150641
150641
150641
150641
150641
150641
32508
32508
32508
32508
32508
32508
32508
32508
3911
3911
7822
7822
19551
19551
11732
11732
0
0
7361
7361
0
0
31181
31181
43971
43971
0
0
51301
51301
142723
87933
240825
240825
140775
140775
146555
183165
183165
0
40123
32508
32508
32508
32508
30992
30992
29302
29302
27862
27862
19622
19622
150641
150641
150641
150641
150641
150641
32508
32508
32508
32508
Total Blocks Touched = 5962280
